[{"id": 0, "img_name": "0038", "width": 698, "height": 1225, "position": [6.489584004112986, -0.331582262143524, -0.13931879014629694], "rotation": [[0.8571505183717913, -0.21080334346044016, -0.46995206057732003], [0.3324897943086553, 0.9232992572330615, 0.1922732905878116], [0.3933745359521348, -0.3210614146526746, 0.8614963972563474]], "fy": 1008.294373397538, "fx": 1001.271746572815}, {"id": 1, "img_name": "0039", "width": 698, "height": 1225, "position": [5.348259567887954, 1.3600534989264625, -1.5090956475333286], "rotation": [[0.9135272888587141, -0.1591657175925515, -0.37434498374319897], [0.2094095394062661, 0.9729712913679871, 0.09733709970698425], [0.34873419292650853, -0.1673115074254011, 0.9221666455510831]], "fy": 1008.294373397538, "fx": 1001.271746572815}, {"id": 2, "img_name": "0040", "width": 698, "height": 1225, "position": [3.387297640668404, 2.104275710480075, -2.300816150572702], "rotation": [[0.9533724279893089, -0.1413580815389841, -0.2666437817264597], [0.1472508251221319, 0.989096889195168, 0.0021303251612769837], [0.2634353963510243, -0.04129451014432017, 0.9637927969129669]], "fy": 1008.294373397538, "fx": 1001.271746572815}, {"id": 3, "img_name": "0041", "width": 698, "height": 1225, "position": [2.1371471905779194, 2.0990088030829477, -2.171592190376072], "rotation": [[0.9773084371632964, -0.12040080313877907, -0.1742752571450464], [0.12020125268979807, 0.9926801391805443, -0.011738829937360744], [0.17441295107083762, -0.009475646681463517, 0.9846270027877203]], "fy": 1008.294373397538, "fx": 1001.271746572815}, {"id": 4, "img_name": "0042", "width": 698, "height": 1225, "position": [0.7563780861215705, 2.4230370311962774, -1.551433957507161], "rotation": [[0.985238341465774, -0.11967115516038618, -0.12241006955454994], [0.1187029670462362, 0.9928134859784207, -0.015198278645844703], [0.1233491634353113, 0.00044348839370550246, 0.9923632334976207]], "fy": 1008.294373397538, "fx": 1001.271746572815}, {"id": 5, "img_name": "0043", "width": 698, "height": 1225, "position": [-0.48337132093228424, 2.659753064677928, -1.1051701268183787], "rotation": [[0.9874244369789565, -0.12460836965089962, -0.09729201133564706], [0.12321536230163628, 0.9921739245757356, -0.020220729088215685], [0.09905026880159097, 0.00797857160945872, 0.9950504442717494]], "fy": 1008.294373397538, "fx": 1001.271746572815}, {"id": 6, "img_name": "0044", "width": 698, "height": 1225, "position": [-1.1495120560719843, 2.778384057150085, -0.904659351322775], "rotation": [[0.9939016188495593, -0.09261513795473633, -0.059849881118098976], [0.09094542014247242, 0.9954023753306063, -0.03005065292628914], [0.06235785919460827, 0.024424320007162482, 0.9977549548806328]], "fy": 1008.294373397538, "fx": 1001.271746572815}, {"id": 7, "img_name": "0045", "width": 698, "height": 1225, "position": [-1.5865185397363317, 2.7852204037366484, -0.788079142301683], "rotation": [[0.9980463083581121, -0.06061620986206622, -0.015140722396970197], [0.05991210295031881, 0.9972647602985526, -0.04328438271178826], [0.017723044118169162, 0.04229270585607049, 0.9989480570773224]], "fy": 1008.294373397538, "fx": 1001.271746572815}, {"id": 8, "img_name": "0046", "width": 698, "height": 1225, "position": [-1.9873463904981428, 2.761441113528103, -0.7161352739908602], "rotation": [[0.9991160222177153, -0.04202597265914233, -0.0009958764494801666], [0.04189300686488815, 0.9973603146234883, -0.05930749353964257], [0.003485702750958941, 0.059213346774095885, 0.9982392646255418]], "fy": 1008.294373397538, "fx": 1001.271746572815}, {"id": 9, "img_name": "0047", "width": 698, "height": 1225, "position": [-2.2961727583591647, 2.422968767398992, -0.6630326056664475], "rotation": [[0.999430611097002, -0.032453406053828834, 0.009232011578110804], [0.032929372695708496, 0.9978202338292058, -0.05718773797673897], [-0.007355951069725381, 0.05745918026333415, 0.9983207563640684]], "fy": 1008.294373397538, "fx": 1001.271746572815}, {"id": 10, "img_name": "0048", "width": 698, "height": 1225, "position": [-2.343902198094047, 1.87336073768036, -0.6251958022211795], "rotation": [[0.9977991433356527, -0.06427066980111264, 0.016314121550175746], [0.06439812542895147, 0.9978967689703806, -0.007410797508485655], [-0.01580351226387965, 0.008445086251252353, 0.9998394518713161]], "fy": 1008.294373397538, "fx": 1001.271746572815}, {"id": 11, "img_name": "0049", "width": 698, "height": 1225, "position": [-2.08577025633076, 1.1240695981099653, -0.6026029416299571], "rotation": [[0.9912226746365507, -0.1320989555311787, 0.005241682357265608], [0.13149359173616246, 0.9892308337747093, 0.06427902334134407], [-0.013676425654615852, -0.06302557779953541, 0.9979181990145027]], "fy": 1008.294373397538, "fx": 1001.271746572815}, {"id": 12, "img_name": "0050", "width": 698, "height": 1225, "position": [-1.6028403430859381, -0.060009925813708405, -0.2947332453494962], "rotation": [[0.9839229604485193, -0.17685228591144433, -0.024877235982281403], [0.17859297592781767, 0.9746370772138112, 0.13485961837913257], [0.00039604477943437134, -0.1371343745674879, 0.9905523744156675]], "fy": 1008.294373397538, "fx": 1001.271746572815}, {"id": 13, "img_name": "0051", "width": 698, "height": 1225, "position": [-1.149317741650394, -1.068931471404145, 0.18238911990417478], "rotation": [[0.9728925011392725, -0.21696762100118605, -0.08003269746832413], [0.2287910575191729, 0.9534506350120244, 0.19643456568136364], [0.033687285824612175, -0.20942048140583852, 0.9772452244659564]], "fy": 1008.294373397538, "fx": 1001.271746572815}, {"id": 14, "img_name": "0052", "width": 698, "height": 1225, "position": [-0.6046660653193321, -2.0844698537009734, 0.8454708678197486], "rotation": [[0.9571009828239971, -0.2688250003548912, -0.10812413172613819], [0.28874542277662046, 0.9159915074121308, 0.2785419881712684], [0.024161736338459795, -0.2978131587640899, 0.9543183603829833]], "fy": 1008.294373397538, "fx": 1001.271746572815}, {"id": 15, "img_name": "0053", "width": 698, "height": 1225, "position": [-0.13906256180294926, -2.9031648480960164, 1.3350430613954019], "rotation": [[0.940030980753776, -0.31780026587496385, -0.12387391264062134], [0.341083990423445, 0.8778171488233043, 0.33630159783822583], [0.0018619076006139534, -0.3583853292777578, 0.9335718981731188]], "fy": 1008.294373397538, "fx": 1001.271746572815}, {"id": 16, "img_name": "0054", "width": 698, "height": 1225, "position": [0.3868952974920606, -3.709123571609671, 1.8772119310009503], "rotation": [[0.9202350045830389, -0.36023657041034834, -0.1529612685585625], [0.3909610528825301, 0.8283813316403527, 0.40116558242045103], [-0.017804254239873578, -0.42896851018314425, 0.9031439673729852]], "fy": 1008.294373397538, "fx": 1001.271746572815}, {"id": 17, "img_name": "0055", "width": 698, "height": 1225, "position": [0.744879309981155, -4.079269664976741, 2.2131501114877348], "rotation": [[0.8955480103556012, -0.40401822224404194, -0.18644848415282966], [0.4429582695558769, 0.7697214826067057, 0.4596920824267021], [-0.04221057426980892, -0.49426522769511, 0.8682857548706613]], "fy": 1008.294373397538, "fx": 1001.271746572815}, {"id": 18, "img_name": "0056", "width": 698, "height": 1225, "position": [1.0201553499368992, -4.591416889715616, 2.4461918857878717], "rotation": [[0.8789607925369138, -0.42789060439105936, -0.2105648495279644], [0.4732573568660363, 0.7282047284641886, 0.4957270898534504], [-0.05878264501579981, -0.5353760399161056, 0.8425657817219346]], "fy": 1008.294373397538, "fx": 1001.271746572815}, {"id": 19, "img_name": "0057", "width": 698, "height": 1225, "position": [1.1798198234196005, -4.907098404496025, 2.533623667413647], "rotation": [[0.8728015711179888, -0.4381639269458783, -0.21501114058889367], [0.48298601702263694, 0.7119269147677955, 0.509788755652591], [-0.0702988251294363, -0.54879180128039, 0.8329979796091019]], "fy": 1008.294373397538, "fx": 1001.271746572815}, {"id": 20, "img_name": "0058", "width": 698, "height": 1225, "position": [1.175832339611505, -4.898124776669474, 2.583540823039581], "rotation": [[0.8704050956018959, -0.4417171459966097, -0.2174417910220209], [0.48679193434650453, 0.7060270688593998, 0.5143533714218198], [-0.07367891289536482, -0.5535447054849446, 0.8295539023017992]], "fy": 1008.294373397538, "fx": 1001.271746572815}]